   1.000    1.500   -0.010    0.000    0.12349    0.12349
   1.000    1.500   -0.010   30.000    0.11634    0.08993
   1.000    1.500   -0.010   60.000    0.09855    0.02890
   1.000    1.500   -0.010   90.000    0.07791    0.00028
   1.000    1.500   -0.010  120.000    0.06095    0.01244
   1.000    1.500   -0.010  150.000    0.05055    0.03644
   1.000    1.500   -0.010  180.000    0.04713    0.04713
   1.000    1.500   -0.020    0.000    0.12437    0.12437
   1.000    1.500   -0.020   30.000    0.11720    0.09058
   1.000    1.500   -0.020   60.000    0.09933    0.02911
   1.000    1.500   -0.020   90.000    0.07860    0.00028
   1.000    1.500   -0.020  120.000    0.06156    0.01259
   1.000    1.500   -0.020  150.000    0.05110    0.03684
   1.000    1.500   -0.020  180.000    0.04766    0.04766
   1.000    1.500   -0.030    0.000    0.12537    0.12537
   1.000    1.500   -0.030   30.000    0.11816    0.09131
   1.000    1.500   -0.030   60.000    0.10020    0.02934
   1.000    1.500   -0.030   90.000    0.07936    0.00029
   1.000    1.500   -0.030  120.000    0.06222    0.01275
   1.000    1.500   -0.030  150.000    0.05170    0.03729
   1.000    1.500   -0.030  180.000    0.04824    0.04824
   1.000    1.500   -0.040    0.000    0.12648    0.12648
   1.000    1.500   -0.040   30.000    0.11923    0.09212
   1.000    1.500   -0.040   60.000    0.10116    0.02959
   1.000    1.500   -0.040   90.000    0.08020    0.00029
   1.000    1.500   -0.040  120.000    0.06295    0.01292
   1.000    1.500   -0.040  150.000    0.05236    0.03778
   1.000    1.500   -0.040  180.000    0.04887    0.04887
   1.000    1.500   -0.050    0.000    0.12771    0.12771
   1.000    1.500   -0.050   30.000    0.12041    0.09301
   1.000    1.500   -0.050   60.000    0.10222    0.02988
   1.000    1.500   -0.050   90.000    0.08111    0.00029
   1.000    1.500   -0.050  120.000    0.06374    0.01311
   1.000    1.500   -0.050  150.000    0.05307    0.03831
   1.000    1.500   -0.050  180.000    0.04956    0.04956
   1.000    1.500   -0.060    0.000    0.12905    0.12905
   1.000    1.500   -0.060   30.000    0.12170    0.09399
   1.000    1.500   -0.060   60.000    0.10338    0.03018
   1.000    1.500   -0.060   90.000    0.08211    0.00029
   1.000    1.500   -0.060  120.000    0.06460    0.01332
   1.000    1.500   -0.060  150.000    0.05384    0.03888
   1.000    1.500   -0.060  180.000    0.05029    0.05029
   1.000    1.500   -0.070    0.000    0.13051    0.13051
   1.000    1.500   -0.070   30.000    0.12310    0.09506
   1.000    1.500   -0.070   60.000    0.10463    0.03052
   1.000    1.500   -0.070   90.000    0.08318    0.00030
   1.000    1.500   -0.070  120.000    0.06552    0.01354
   1.000    1.500   -0.070  150.000    0.05467    0.03950
   1.000    1.500   -0.070  180.000    0.05109    0.05109
   1.000    1.500   -0.080    0.000    0.13209    0.13209
   1.000    1.500   -0.080   30.000    0.12462    0.09621
   1.000    1.500   -0.080   60.000    0.10599    0.03088
   1.000    1.500   -0.080   90.000    0.08434    0.00030
   1.000    1.500   -0.080  120.000    0.06652    0.01377
   1.000    1.500   -0.080  150.000    0.05556    0.04016
   1.000    1.500   -0.080  180.000    0.05194    0.05194
   1.000    1.500   -0.090    0.000    0.13379    0.13379
   1.000    1.500   -0.090   30.000    0.12625    0.09745
   1.000    1.500   -0.090   60.000    0.10744    0.03127
   1.000    1.500   -0.090   90.000    0.08559    0.00031
   1.000    1.500   -0.090  120.000    0.06758    0.01403
   1.000    1.500   -0.090  150.000    0.05651    0.04086
   1.000    1.500   -0.090  180.000    0.05286    0.05286
   1.000    1.500   -0.100    0.000    0.13562    0.13562
   1.000    1.500   -0.100   30.000    0.12801    0.09879
   1.000    1.500   -0.100   60.000    0.10901    0.03169
   1.000    1.500   -0.100   90.000    0.08693    0.00031
   1.000    1.500   -0.100  120.000    0.06872    0.01430
   1.000    1.500   -0.100  150.000    0.05753    0.04162
   1.000    1.500   -0.100  180.000    0.05383    0.05383
   1.000    1.600   -0.010    0.000    0.17853    0.17853
   1.000    1.600   -0.010   30.000    0.16784    0.13074
   1.000    1.600   -0.010   60.000    0.14124    0.04312
   1.000    1.600   -0.010   90.000    0.11055    0.00065
   1.000    1.600   -0.010  120.000    0.08549    0.01644
   1.000    1.600   -0.010  150.000    0.07022    0.05003
   1.000    1.600   -0.010  180.000    0.06521    0.06521
   1.000    1.600   -0.020    0.000    0.17970    0.17970
   1.000    1.600   -0.020   30.000    0.16897    0.13160
   1.000    1.600   -0.020   60.000    0.14228    0.04339
   1.000    1.600   -0.020   90.000    0.11146    0.00066
   1.000    1.600   -0.020  120.000    0.08629    0.01664
   1.000    1.600   -0.020  150.000    0.07096    0.05059
   1.000    1.600   -0.020  180.000    0.06593    0.06593
   1.000    1.600   -0.030    0.000    0.18099    0.18099
   1.000    1.600   -0.030   30.000    0.17020    0.13253
   1.000    1.600   -0.030   60.000    0.14340    0.04369
   1.000    1.600   -0.030   90.000    0.11245    0.00066
   1.000    1.600   -0.030  120.000    0.08717    0.01685
   1.000    1.600   -0.030  150.000    0.07175    0.05118
   1.000    1.600   -0.030  180.000    0.06670    0.06670
   1.000    1.600   -0.040    0.000    0.18238    0.18238
   1.000    1.600   -0.040   30.000    0.17155    0.13355
   1.000    1.600   -0.040   60.000    0.14462    0.04402
   1.000    1.600   -0.040   90.000    0.11352    0.00066
   1.000    1.600   -0.040  120.000    0.08810    0.01707
   1.000    1.600   -0.040  150.000    0.07260    0.05181
   1.000    1.600   -0.040  180.000    0.06752    0.06752
   1.000    1.600   -0.050    0.000    0.18389    0.18389
   1.000    1.600   -0.050   30.000    0.17300    0.13466
   1.000    1.600   -0.050   60.000    0.14594    0.04437
   1.000    1.600   -0.050   90.000    0.11467    0.00067
   1.000    1.600   -0.050  120.000    0.08910    0.01732
   1.000    1.600   -0.050  150.000    0.07351    0.05249
   1.000    1.600   -0.050  180.000    0.06840    0.06840
   1.000    1.600   -0.060    0.000    0.18551    0.18551
   1.000    1.600   -0.060   30.000    0.17457    0.13585
   1.000    1.600   -0.060   60.000    0.14735    0.04474
   1.000    1.600   -0.060   90.000    0.11589    0.00067
   1.000    1.600   -0.060  120.000    0.09017    0.01758
   1.000    1.600   -0.060  150.000    0.07448    0.05321
   1.000    1.600   -0.060  180.000    0.06933    0.06933
   1.000    1.600   -0.070    0.000    0.18726    0.18726
   1.000    1.600   -0.070   30.000    0.17625    0.13712
   1.000    1.600   -0.070   60.000    0.14886    0.04515
   1.000    1.600   -0.070   90.000    0.11721    0.00068
   1.000    1.600   -0.070  120.000    0.09131    0.01785
   1.000    1.600   -0.070  150.000    0.07551    0.05398
   1.000    1.600   -0.070  180.000    0.07032    0.07032
   1.000    1.600   -0.080    0.000    0.18912    0.18912
   1.000    1.600   -0.080   30.000    0.17804    0.13848
   1.000    1.600   -0.080   60.000    0.15047    0.04558
   1.000    1.600   -0.080   90.000    0.11860    0.00069
   1.000    1.600   -0.080  120.000    0.09253    0.01814
   1.000    1.600   -0.080  150.000    0.07661    0.05480
   1.000    1.600   -0.080  180.000    0.07138    0.07138
   1.000    1.600   -0.090    0.000    0.19111    0.19111
   1.000    1.600   -0.090   30.000    0.17995    0.13994
   1.000    1.600   -0.090   60.000    0.15219    0.04604
   1.000    1.600   -0.090   90.000    0.12009    0.00069
   1.000    1.600   -0.090  120.000    0.09381    0.01846
   1.000    1.600   -0.090  150.000    0.07777    0.05566
   1.000    1.600   -0.090  180.000    0.07250    0.07250
   1.000    1.600   -0.100    0.000    0.19323    0.19323
   1.000    1.600   -0.100   30.000    0.18198    0.14148
   1.000    1.600   -0.100   60.000    0.15401    0.04653
   1.000    1.600   -0.100   90.000    0.12166    0.00070
   1.000    1.600   -0.100  120.000    0.09517    0.01878
   1.000    1.600   -0.100  150.000    0.07899    0.05657
   1.000    1.600   -0.100  180.000    0.07368    0.07368
   1.000    1.700   -0.010    0.000    0.24356    0.24356
   1.000    1.700   -0.010   30.000    0.22836    0.17942
   1.000    1.700   -0.010   60.000    0.19068    0.06084
   1.000    1.700   -0.010   90.000    0.14742    0.00136
   1.000    1.700   -0.010  120.000    0.11236    0.02013
   1.000    1.700   -0.010  150.000    0.09118    0.06411
   1.000    1.700   -0.010  180.000    0.08427    0.08427
   1.000    1.700   -0.020    0.000    0.24503    0.24503
   1.000    1.700   -0.020   30.000    0.22978    0.18049
   1.000    1.700   -0.020   60.000    0.19198    0.06119
   1.000    1.700   -0.020   90.000    0.14857    0.00136
   1.000    1.700   -0.020  120.000    0.11339    0.02039
   1.000    1.700   -0.020  150.000    0.09213    0.06482
   1.000    1.700   -0.020  180.000    0.08519    0.08519
   1.000    1.700   -0.030    0.000    0.24660    0.24660
   1.000    1.700   -0.030   30.000    0.23130    0.18165
   1.000    1.700   -0.030   60.000    0.19337    0.06155
   1.000    1.700   -0.030   90.000    0.14980    0.00137
   1.000    1.700   -0.030  120.000    0.11448    0.02065
   1.000    1.700   -0.030  150.000    0.09313    0.06557
   1.000    1.700   -0.030  180.000    0.08616    0.08616
   1.000    1.700   -0.040    0.000    0.24829    0.24829
   1.000    1.700   -0.040   30.000    0.23293    0.18288
   1.000    1.700   -0.040   60.000    0.19485    0.06195
   1.000    1.700   -0.040   90.000    0.15111    0.00138
   1.000    1.700   -0.040  120.000    0.11564    0.02094
   1.000    1.700   -0.040  150.000    0.09419    0.06636
   1.000    1.700   -0.040  180.000    0.08719    0.08719
   1.000    1.700   -0.050    0.000    0.25009    0.25009
   1.000    1.700   -0.050   30.000    0.23467    0.18420
   1.000    1.700   -0.050   60.000    0.19643    0.06237
   1.000    1.700   -0.050   90.000    0.15250    0.00138
   1.000    1.700   -0.050  120.000    0.11686    0.02124
   1.000    1.700   -0.050  150.000    0.09531    0.06720
   1.000    1.700   -0.050  180.000    0.08828    0.08828
   1.000    1.700   -0.060    0.000    0.25201    0.25201
   1.000    1.700   -0.060   30.000    0.23652    0.18560
   1.000    1.700   -0.060   60.000    0.19811    0.06281
   1.000    1.700   -0.060   90.000    0.15397    0.00139
   1.000    1.700   -0.060  120.000    0.11816    0.02156
   1.000    1.700   -0.060  150.000    0.09650    0.06809
   1.000    1.700   -0.060  180.000    0.08943    0.08943
   1.000    1.700   -0.070    0.000    0.25404    0.25404
   1.000    1.700   -0.070   30.000    0.23848    0.18709
   1.000    1.700   -0.070   60.000    0.19988    0.06329
   1.000    1.700   -0.070   90.000    0.15552    0.00140
   1.000    1.700   -0.070  120.000    0.11953    0.02190
   1.000    1.700   -0.070  150.000    0.09775    0.06903
   1.000    1.700   -0.070  180.000    0.09064    0.09064
   1.000    1.700   -0.080    0.000    0.25619    0.25619
   1.000    1.700   -0.080   30.000    0.24055    0.18866
   1.000    1.700   -0.080   60.000    0.20176    0.06379
   1.000    1.700   -0.080   90.000    0.15716    0.00141
   1.000    1.700   -0.080  120.000    0.12097    0.02226
   1.000    1.700   -0.080  150.000    0.09907    0.07001
   1.000    1.700   -0.080  180.000    0.09192    0.09192
   1.000    1.700   -0.090    0.000    0.25846    0.25846
   1.000    1.700   -0.090   30.000    0.24274    0.19033
   1.000    1.700   -0.090   60.000    0.20373    0.06431
   1.000    1.700   -0.090   90.000    0.15889    0.00143
   1.000    1.700   -0.090  120.000    0.12249    0.02264
   1.000    1.700   -0.090  150.000    0.10045    0.07105
   1.000    1.700   -0.090  180.000    0.09326    0.09326
   1.000    1.700   -0.100    0.000    0.26085    0.26085
   1.000    1.700   -0.100   30.000    0.24504    0.19207
   1.000    1.700   -0.100   60.000    0.20581    0.06487
   1.000    1.700   -0.100   90.000    0.16071    0.00144
   1.000    1.700   -0.100  120.000    0.12408    0.02303
   1.000    1.700   -0.100  150.000    0.10191    0.07214
   1.000    1.700   -0.100  180.000    0.09467    0.09467
   0.900    1.500   -0.010    0.000    0.06302    0.06302
   0.900    1.500   -0.010   30.000    0.06006    0.04611
   0.900    1.500   -0.010   60.000    0.05255    0.01487
   0.900    1.500   -0.010   90.000    0.04357    0.00009
   0.900    1.500   -0.010  120.000    0.03588    0.00773
   0.900    1.500   -0.010  150.000    0.03099    0.02258
   0.900    1.500   -0.010  180.000    0.02935    0.02935
   0.800    1.500   -0.010    0.000    0.02968    0.02968
   0.800    1.500   -0.010   30.000    0.02857    0.02182
   0.800    1.500   -0.010   60.000    0.02572    0.00707
   0.800    1.500   -0.010   90.000    0.02220    0.00003
   0.800    1.500   -0.010  120.000    0.01909    0.00428
   0.800    1.500   -0.010  150.000    0.01704    0.01251
   0.800    1.500   -0.010  180.000    0.01634    0.01634
   0.700    1.500   -0.010    0.000    0.01268    0.01268
   0.700    1.500   -0.010   30.000    0.01232    0.00936
   0.700    1.500   -0.010   60.000    0.01136    0.00305
   0.700    1.500   -0.010   90.000    0.01015    0.00001
   0.700    1.500   -0.010  120.000    0.00905    0.00209
   0.700    1.500   -0.010  150.000    0.00831    0.00614
   0.700    1.500   -0.010  180.000    0.00805    0.00805
   0.600    1.500   -0.010    0.000    0.00479    0.00479
   0.600    1.500   -0.010   30.000    0.00469    0.00355
   0.600    1.500   -0.010   60.000    0.00441    0.00116
   0.600    1.500   -0.010   90.000    0.00406    0.00000
   0.600    1.500   -0.010  120.000    0.00373    0.00088
   0.600    1.500   -0.010  150.000    0.00351    0.00260
   0.600    1.500   -0.010  180.000    0.00343    0.00343
   1.100    1.500   -0.010    0.000    0.22626    0.22626
   1.100    1.500   -0.010   30.000    0.21037    0.16396
   1.100    1.500   -0.010   60.000    0.17155    0.05261
   1.100    1.500   -0.010   90.000    0.12818    0.00082
   1.100    1.500   -0.010  120.000    0.09417    0.01783
   1.100    1.500   -0.010  150.000    0.07425    0.05272
   1.100    1.500   -0.010  180.000    0.06788    0.06788
   1.200    1.500   -0.010    0.000    0.39189    0.39189
   1.200    1.500   -0.010   30.000    0.35880    0.28255
   1.200    1.500   -0.010   60.000    0.27981    0.09079
   1.200    1.500   -0.010   90.000    0.19524    0.00221
   1.200    1.500   -0.010  120.000    0.13260    0.02248
   1.200    1.500   -0.010  150.000    0.09796    0.06803
   1.200    1.500   -0.010  180.000    0.08729    0.08729
   1.300    1.500   -0.010    0.000    0.64857    0.64857
   1.300    1.500   -0.010   30.000    0.58332    0.46535
   1.300    1.500   -0.010   60.000    0.43147    0.15038
   1.300    1.500   -0.010   90.000    0.27675    0.00566
   1.300    1.500   -0.010  120.000    0.16980    0.02422
   1.300    1.500   -0.010  150.000    0.11497    0.07717
   1.300    1.500   -0.010  180.000    0.09897    0.09897
   1.400    1.500   -0.010    0.000    1.03706    1.03706
   1.400    1.500   -0.010   30.000    0.91390    0.74078
   1.400    1.500   -0.010   60.000    0.63522    0.24206
   1.400    1.500   -0.010   90.000    0.36692    0.01380
   1.400    1.500   -0.010  120.000    0.19652    0.02090
   1.400    1.500   -0.010  150.000    0.11777    0.07473
   1.400    1.500   -0.010  180.000    0.09664    0.09664
   1.500    1.500   -0.010    0.000    1.61823    1.61823
   1.500    1.500   -0.010   30.000    1.39409    1.15140
   1.500    1.500   -0.010   60.000    0.90205    0.38264
   1.500    1.500   -0.010   90.000    0.45744    0.03206
   1.500    1.500   -0.010  120.000    0.20291    0.01234
   1.500    1.500   -0.010  150.000    0.10165    0.05852
   1.500    1.500   -0.010  180.000    0.07826    0.07826
   1.100    1.500   -0.030    0.000    0.23038    0.23038
   1.100    1.500   -0.030   30.000    0.21431    0.16696
   1.100    1.500   -0.030   60.000    0.17506    0.05356
   1.100    1.500   -0.030   90.000    0.13116    0.00083
   1.100    1.500   -0.030  120.000    0.09672    0.01844
   1.100    1.500   -0.030  150.000    0.07652    0.05440
   1.100    1.500   -0.030  180.000    0.07005    0.07005
   1.200    1.500   -0.030    0.000    0.40013    0.40013
   1.200    1.500   -0.030   30.000    0.36662    0.28854
   1.200    1.500   -0.030   60.000    0.28657    0.09268
   1.200    1.500   -0.030   90.000    0.20079    0.00225
   1.200    1.500   -0.030  120.000    0.13716    0.02355
   1.200    1.500   -0.030  150.000    0.10193    0.07098
   1.200    1.500   -0.030  180.000    0.09106    0.09106
   1.300    1.500   -0.030    0.000    0.66394    0.66394
   1.300    1.500   -0.030   30.000    0.59769    0.47652
   1.300    1.500   -0.030   60.000    0.44342    0.15397
   1.300    1.500   -0.030   90.000    0.28607    0.00579
   1.300    1.500   -0.030  120.000    0.17712    0.02589
   1.300    1.500   -0.030  150.000    0.12118    0.08176
   1.300    1.500   -0.030  180.000    0.10484    0.10484
   1.400    1.500   -0.030    0.000    1.06459    1.06459
   1.400    1.500   -0.030   30.000    0.93910    0.76089
   1.400    1.500   -0.030   60.000    0.65499    0.24884
   1.400    1.500   -0.030   90.000    0.38115    0.01425
   1.400    1.500   -0.030  120.000    0.20700    0.02321
   1.400    1.500   -0.030  150.000    0.12644    0.08111
   1.400    1.500   -0.030  180.000    0.10481    0.10481
   1.500    1.500   -0.030    0.000    1.66776    1.66776
   1.500    1.500   -0.030   30.000    1.43811    1.18800
   1.500    1.500   -0.030   60.000    0.93367    0.39600
   1.500    1.500   -0.030   90.000    0.47744    0.03357
   1.500    1.500   -0.030  120.000    0.21619    0.01514
   1.500    1.500   -0.030  150.000    0.11244    0.06647
   1.500    1.500   -0.030  180.000    0.08855    0.08855
   1.100    1.500   -0.050    0.000    0.23534    0.23534
   1.100    1.500   -0.050   30.000    0.21905    0.17057
   1.100    1.500   -0.050   60.000    0.17924    0.05469
   1.100    1.500   -0.050   90.000    0.13469    0.00085
   1.100    1.500   -0.050  120.000    0.09969    0.01915
   1.100    1.500   -0.050  150.000    0.07915    0.05636
   1.100    1.500   -0.050  180.000    0.07256    0.07256
   1.200    1.500   -0.050    0.000    0.40986    0.40986
   1.200    1.500   -0.050   30.000    0.37582    0.29559
   1.200    1.500   -0.050   60.000    0.29448    0.09490
   1.200    1.500   -0.050   90.000    0.20723    0.00230
   1.200    1.500   -0.050  120.000    0.14243    0.02480
   1.200    1.500   -0.050  150.000    0.10649    0.07437
   1.200    1.500   -0.050  180.000    0.09540    0.09540
   1.300    1.500   -0.050    0.000    0.68174    0.68174
   1.300    1.500   -0.050   30.000    0.61431    0.48941
   1.300    1.500   -0.050   60.000    0.45719    0.15808
   1.300    1.500   -0.050   90.000    0.29676    0.00596
   1.300    1.500   -0.050  120.000    0.18553    0.02787
   1.300    1.500   -0.050  150.000    0.12831    0.08705
   1.300    1.500   -0.050  180.000    0.11158    0.11158
   1.400    1.500   -0.050    0.000    1.09585    1.09585
   1.400    1.500   -0.050   30.000    0.96771    0.78359
   1.400    1.500   -0.050   60.000    0.67744    0.25636
   1.400    1.500   -0.050   90.000    0.39738    0.01479
   1.400    1.500   -0.050  120.000    0.21906    0.02603
   1.400    1.500   -0.050  150.000    0.13649    0.08859
   1.400    1.500   -0.050  180.000    0.11432    0.11432
   1.500    1.500   -0.050    0.000    1.72282    1.72282
   1.500    1.500   -0.050   30.000    1.48710    1.22842
   1.500    1.500   -0.050   60.000    0.96903    0.41044
   1.500    1.500   -0.050   90.000    0.50015    0.03531
   1.500    1.500   -0.050  120.000    0.23167    0.01884
   1.500    1.500   -0.050  150.000    0.12530    0.07615
   1.500    1.500   -0.050  180.000    0.10092    0.10092
   1.100    1.500   -0.070    0.000    0.24119    0.24119
   1.100    1.500   -0.070   30.000    0.22463    0.17481
   1.100    1.500   -0.070   60.000    0.18413    0.05602
   1.100    1.500   -0.070   90.000    0.13878    0.00087
   1.100    1.500   -0.070  120.000    0.10313    0.01997
   1.100    1.500   -0.070  150.000    0.08217    0.05860
   1.100    1.500   -0.070  180.000    0.07545    0.07545
   1.200    1.500   -0.070    0.000    0.42115    0.42115
   1.200    1.500   -0.070   30.000    0.38648    0.30376
   1.200    1.500   -0.070   60.000    0.30361    0.09745
   1.200    1.500   -0.070   90.000    0.21462    0.00237
   1.200    1.500   -0.070  120.000    0.14845    0.02624
   1.200    1.500   -0.070  150.000    0.11169    0.07824
   1.200    1.500   -0.070  180.000    0.10034    0.10034
   1.300    1.500   -0.070    0.000    0.70211    0.70211
   1.300    1.500   -0.070   30.000    0.63330    0.50411
   1.300    1.500   -0.070   60.000    0.47291    0.16271
   1.300    1.500   -0.070   90.000    0.30896    0.00616
   1.300    1.500   -0.070  120.000    0.19511    0.03018
   1.300    1.500   -0.070  150.000    0.13646    0.09313
   1.300    1.500   -0.070  180.000    0.11929    0.11929
   1.400    1.500   -0.070    0.000    1.13102    1.13102
   1.400    1.500   -0.070   30.000    0.99991    0.80900
   1.400    1.500   -0.070   60.000    0.70276    0.26464
   1.400    1.500   -0.070   90.000    0.41579    0.01543
   1.400    1.500   -0.070  120.000    0.23289    0.02945
   1.400    1.500   -0.070  150.000    0.14812    0.09733
   1.400    1.500   -0.070  180.000    0.12535    0.12535
   1.500    1.500   -0.070    0.000    1.78357    1.78357
   1.500    1.500   -0.070   30.000    1.54121    1.27273
   1.500    1.500   -0.070   60.000    1.00834    0.42597
   1.500    1.500   -0.070   90.000    0.52582    0.03733
   1.500    1.500   -0.070  120.000    0.24967    0.02361
   1.500    1.500   -0.070  150.000    0.14059    0.08787
   1.500    1.500   -0.070  180.000    0.11572    0.11572
   1.100    1.500   -0.090    0.000    0.24796    0.24796
   1.100    1.500   -0.090   30.000    0.23107    0.17972
   1.100    1.500   -0.090   60.000    0.18977    0.05755
   1.100    1.500   -0.090   90.000    0.14349    0.00089
   1.100    1.500   -0.090  120.000    0.10705    0.02090
   1.100    1.500   -0.090  150.000    0.08562    0.06117
   1.100    1.500   -0.090  180.000    0.07874    0.07874
   1.200    1.500   -0.090    0.000    0.43408    0.43408
   1.200    1.500   -0.090   30.000    0.39868    0.31310
   1.200    1.500   -0.090   60.000    0.31403    0.10035
   1.200    1.500   -0.090   90.000    0.22305    0.00245
   1.200    1.500   -0.090  120.000    0.15530    0.02789
   1.200    1.500   -0.090  150.000    0.11761    0.08264
   1.200    1.500   -0.090  180.000    0.10596    0.10596
   1.300    1.500   -0.090    0.000    0.72518    0.72518
   1.300    1.500   -0.090   30.000    0.65481    0.52071
   1.300    1.500   -0.090   60.000    0.49070    0.16789
   1.300    1.500   -0.090   90.000    0.32278    0.00641
   1.300    1.500   -0.090  120.000    0.20600    0.03286
   1.300    1.500   -0.090  150.000    0.14575    0.10009
   1.300    1.500   -0.090  180.000    0.12809    0.12809
   1.400    1.500   -0.090    0.000    1.17027    1.17027
   1.400    1.500   -0.090   30.000    1.03588    0.83725
   1.400    1.500   -0.090   60.000    0.73114    0.27370
   1.400    1.500   -0.090   90.000    0.43660    0.01617
   1.400    1.500   -0.090  120.000    0.24869    0.03354
   1.400    1.500   -0.090  150.000    0.16155    0.10751
   1.400    1.500   -0.090  180.000    0.13814    0.13814
   1.500    1.500   -0.090    0.000    1.85010    1.85010
   1.500    1.500   -0.090   30.000    1.60058    1.32096
   1.500    1.500   -0.090   60.000    1.05180    0.44253
   1.500    1.500   -0.090   90.000    0.55476    0.03963
   1.500    1.500   -0.090  120.000    0.27055    0.02964
   1.500    1.500   -0.090  150.000    0.15872    0.10200
   1.500    1.500   -0.090  180.000    0.13337    0.13337
   1.100    1.600   -0.010    0.000    0.32934    0.32934
   1.100    1.600   -0.010   30.000    0.30526    0.24040
   1.100    1.600   -0.010   60.000    0.24667    0.07984
   1.100    1.600   -0.010   90.000    0.18161    0.00195
   1.100    1.600   -0.010  120.000    0.13111    0.02268
   1.100    1.600   -0.010  150.000    0.10185    0.07109
   1.100    1.600   -0.010  180.000    0.09256    0.09256
   1.200    1.600   -0.010    0.000    0.57440    0.57440
   1.200    1.600   -0.010   30.000    0.52362    0.41819
   1.200    1.600   -0.010   60.000    0.40292    0.14066
   1.200    1.600   -0.010   90.000    0.27492    0.00549
   1.200    1.600   -0.010  120.000    0.18156    0.02664
   1.200    1.600   -0.010  150.000    0.13091    0.08851
   1.200    1.600   -0.010  180.000    0.11554    0.11554
   1.300    1.600   -0.010    0.000    0.95986    0.95986
   1.300    1.600   -0.010   30.000    0.85801    0.69771
   1.300    1.600   -0.010   60.000    0.62234    0.23961
   1.300    1.600   -0.010   90.000    0.38543    0.01469
   1.300    1.600   -0.010  120.000    0.22561    0.02505
   1.300    1.600   -0.010  150.000    0.14649    0.09400
   1.300    1.600   -0.010  180.000    0.12411    0.12411
   1.400    1.600   -0.010    0.000    1.55826    1.55826
   1.400    1.600   -0.010   30.000    1.36190    1.13253
   1.400    1.600   -0.010   60.000    0.92066    0.40094
   1.400    1.600   -0.010   90.000    0.50339    0.03761
   1.400    1.600   -0.010  120.000    0.24818    0.01628
   1.400    1.600   -0.010  150.000    0.13774    0.08060
   1.400    1.600   -0.010  180.000    0.11013    0.11013
   1.500    1.600   -0.010    0.000    2.48205    2.48205
   1.500    1.600   -0.010   30.000    2.11674    1.80624
   1.500    1.600   -0.010   60.000    1.32066    0.66484
   1.500    1.600   -0.010   90.000    0.61665    0.09152
   1.500    1.600   -0.010  120.000    0.23520    0.00601
   1.500    1.600   -0.010  150.000    0.10159    0.05056
   1.500    1.600   -0.010  180.000    0.07627    0.07627
   1.100    1.600   -0.030    0.000    0.33477    0.33477
   1.100    1.600   -0.030   30.000    0.31047    0.24437
   1.100    1.600   -0.030   60.000    0.25130    0.08110
   1.100    1.600   -0.030   90.000    0.18558    0.00198
   1.100    1.600   -0.030  120.000    0.13452    0.02350
   1.100    1.600   -0.030  150.000    0.10490    0.07336
   1.100    1.600   -0.030  180.000    0.09550    0.09550
   1.200    1.600   -0.030    0.000    0.58539    0.58539
   1.200    1.600   -0.030   30.000    0.53403    0.42622
   1.200    1.600   -0.030   60.000    0.41189    0.14326
   1.200    1.600   -0.030   90.000    0.28228    0.00558
   1.200    1.600   -0.030  120.000    0.18766    0.02810
   1.200    1.600   -0.030  150.000    0.13629    0.09251
   1.200    1.600   -0.030  180.000    0.12069    0.12069
   1.300    1.600   -0.030    0.000    0.98085    0.98085
   1.300    1.600   -0.030   30.000    0.87750    0.71314
   1.300    1.600   -0.030   60.000    0.63828    0.24485
   1.300    1.600   -0.030   90.000    0.39767    0.01505
   1.300    1.600   -0.030  120.000    0.23527    0.02733
   1.300    1.600   -0.030  150.000    0.15485    0.10022
   1.300    1.600   -0.030  180.000    0.13210    0.13210
   1.400    1.600   -0.030    0.000    1.59837    1.59837
   1.400    1.600   -0.030   30.000    1.39802    1.16246
   1.400    1.600   -0.030   60.000    0.94771    0.41213
   1.400    1.600   -0.030   90.000    0.52180    0.03904
   1.400    1.600   -0.030  120.000    0.26151    0.01942
   1.400    1.600   -0.030  150.000    0.14917    0.08916
   1.400    1.600   -0.030  180.000    0.12119    0.12119
   1.500    1.600   -0.030    0.000    2.56393    2.56393
   1.500    1.600   -0.030   30.000    2.18758    1.86891
   1.500    1.600   -0.030   60.000    1.36724    0.69143
   1.500    1.600   -0.030   90.000    0.64212    0.09691
   1.500    1.600   -0.030  120.000    0.25067    0.01020
   1.500    1.600   -0.030  150.000    0.11532    0.06125
   1.500    1.600   -0.030  180.000    0.09033    0.09033
   1.100    1.600   -0.050    0.000    0.34104    0.34104
   1.100    1.600   -0.050   30.000    0.31647    0.24894
   1.100    1.600   -0.050   60.000    0.25662    0.08255
   1.100    1.600   -0.050   90.000    0.19010    0.00201
   1.100    1.600   -0.050  120.000    0.13838    0.02444
   1.100    1.600   -0.050  150.000    0.10836    0.07594
   1.100    1.600   -0.050  180.000    0.09882    0.09882
   1.200    1.600   -0.050    0.000    0.59783    0.59783
   1.200    1.600   -0.050   30.000    0.54579    0.43529
   1.200    1.600   -0.050   60.000    0.42201    0.14617
   1.200    1.600   -0.050   90.000    0.29058    0.00569
   1.200    1.600   -0.050  120.000    0.19454    0.02977
   1.200    1.600   -0.050  150.000    0.14235    0.09704
   1.200    1.600   -0.050  180.000    0.12650    0.12650
   1.300    1.600   -0.050    0.000    1.00410    1.00410
   1.300    1.600   -0.050   30.000    0.89910    0.73013
   1.300    1.600   -0.050   60.000    0.65599    0.25053
   1.300    1.600   -0.050   90.000    0.41135    0.01548
   1.300    1.600   -0.050  120.000    0.24615    0.03002
   1.300    1.600   -0.050  150.000    0.16435    0.10734
   1.300    1.600   -0.050  180.000    0.14121    0.14121
   1.400    1.600   -0.050    0.000    1.64172    1.64172
   1.400    1.600   -0.050   30.000    1.43713    1.19459
   1.400    1.600   -0.050   60.000    0.97723    0.42390
   1.400    1.600   -0.050   90.000    0.54227    0.04065
   1.400    1.600   -0.050  120.000    0.27674    0.02340
   1.400    1.600   -0.050  150.000    0.16251    0.09933
   1.400    1.600   -0.050  180.000    0.13419    0.13419
   1.500    1.600   -0.050    0.000    2.65103    2.65103
   1.500    1.600   -0.050   30.000    2.26304    1.93520
   1.500    1.600   -0.050   60.000    1.41728    0.71919
   1.500    1.600   -0.050   90.000    0.67033    0.10293
   1.500    1.600   -0.050  120.000    0.26893    0.01608
   1.500    1.600   -0.050  150.000    0.13223    0.07483
   1.500    1.600   -0.050  180.000    0.10779    0.10779
   1.100    1.600   -0.070    0.000    0.34819    0.34819
   1.100    1.600   -0.070   30.000    0.32330    0.25415
   1.100    1.600   -0.070   60.000    0.26266    0.08420
   1.100    1.600   -0.070   90.000    0.19522    0.00205
   1.100    1.600   -0.070  120.000    0.14273    0.02550
   1.100    1.600   -0.070  150.000    0.11224    0.07884
   1.100    1.600   -0.070  180.000    0.10255    0.10255
   1.200    1.600   -0.070    0.000    0.61179    0.61179
   1.200    1.600   -0.070   30.000    0.55899    0.44543
   1.200    1.600   -0.070   60.000    0.43335    0.14939
   1.200    1.600   -0.070   90.000    0.29986    0.00583
   1.200    1.600   -0.070  120.000    0.20225    0.03169
   1.200    1.600   -0.070  150.000    0.14915    0.10214
   1.200    1.600   -0.070  180.000    0.13301    0.13301
   1.300    1.600   -0.070    0.000    1.02968    1.02968
   1.300    1.600   -0.070   30.000    0.92289    0.74876
   1.300    1.600   -0.070   60.000    0.67557    0.25667
   1.300    1.600   -0.070   90.000    0.42658    0.01597
   1.300    1.600   -0.070  120.000    0.25839    0.03319
   1.300    1.600   -0.070  150.000    0.17510    0.11548
   1.300    1.600   -0.070  180.000    0.15155    0.15155
   1.400    1.600   -0.070    0.000    1.68830    1.68830
   1.400    1.600   -0.070   30.000    1.47927    1.22891
   1.400    1.600   -0.070   60.000    1.00933    0.43620
   1.400    1.600   -0.070   90.000    0.56498    0.04245
   1.400    1.600   -0.070  120.000    0.29410    0.02834
   1.400    1.600   -0.070  150.000    0.17801    0.11133
   1.400    1.600   -0.070  180.000    0.14937    0.14937
   1.100    1.600   -0.090    0.000    0.35626    0.35626
   1.100    1.600   -0.090   30.000    0.33100    0.26002
   1.100    1.600   -0.090   60.000    0.26945    0.08605
   1.100    1.600   -0.090   90.000    0.20095    0.00210
   1.100    1.600   -0.090  120.000    0.14760    0.02670
   1.100    1.600   -0.090  150.000    0.11659    0.08208
   1.100    1.600   -0.090  180.000    0.10672    0.10672
   1.200    1.600   -0.090    0.000    0.62733    0.62733
   1.200    1.600   -0.090   30.000    0.57367    0.45669
   1.200    1.600   -0.090   60.000    0.44598    0.15295
   1.200    1.600   -0.090   90.000    0.31021    0.00599
   1.200    1.600   -0.090  120.000    0.21085    0.03386
   1.200    1.600   -0.090  150.000    0.15676    0.10785
   1.200    1.600   -0.090  180.000    0.14031    0.14031
   1.300    1.600   -0.090    0.000    1.05770    1.05770
   1.300    1.600   -0.090   30.000    0.94897    0.76908
   1.300    1.600   -0.090   60.000    0.69712    0.26325
   1.300    1.600   -0.090   90.000    0.44348    0.01653
   1.300    1.600   -0.090  120.000    0.27212    0.03687
   1.300    1.600   -0.090  150.000    0.18726    0.12475
   1.300    1.600   -0.090  180.000    0.16327    0.16327
   1.400    1.600   -0.090    0.000    1.73810    1.73810
   1.400    1.600   -0.090   30.000    1.52444    1.26537
   1.400    1.600   -0.090   60.000    1.04410    0.44899
   1.400    1.600   -0.090   90.000    0.59011    0.04444
   1.400    1.600   -0.090  120.000    0.31385    0.03437
   1.400    1.600   -0.090  150.000    0.19596    0.12543
   1.400    1.600   -0.090  180.000    0.16705    0.16705
   1.500    1.600   -0.090    0.000    2.83910    2.83910
   1.500    1.600   -0.090   30.000    2.42650    2.07700
   1.500    1.600   -0.090   60.000    1.52750    0.77718
   1.500    1.600   -0.090   90.000    0.73595    0.11702
   1.500    1.600   -0.090  120.000    0.31578    0.03427
   1.500    1.600   -0.090  150.000    0.17811    0.11301
   1.500    1.600   -0.090  180.000    0.15555    0.15555
   1.100    1.700   -0.010    0.000    0.45304    0.45304
   1.100    1.700   -0.010   30.000    0.41836    0.33338
   1.100    1.700   -0.010   60.000    0.33424    0.11495
   1.100    1.700   -0.010   90.000    0.24158    0.00421
   1.100    1.700   -0.010  120.000    0.17051    0.02636
   1.100    1.700   -0.010  150.000    0.12991    0.08879
   1.100    1.700   -0.010  180.000    0.11715    0.11715
   1.200    1.700   -0.010    0.000    0.79847    0.79847
   1.200    1.700   -0.010   30.000    0.72396    0.58780
   1.200    1.700   -0.010   60.000    0.54776    0.20811
   1.200    1.700   -0.010   90.000    0.36302    0.01237
   1.200    1.700   -0.010  120.000    0.23087    0.02791
   1.200    1.700   -0.010  150.000    0.16102    0.10511
   1.200    1.700   -0.010  180.000    0.14027    0.14027
   1.300    1.700   -0.010    0.000    1.35625    1.35625
   1.300    1.700   -0.010   30.000    1.20315    1.00109
   1.300    1.700   -0.010   60.000    0.85114    0.36865
   1.300    1.700   -0.010   90.000    0.50289    0.03490
   1.300    1.700   -0.010  120.000    0.27522    0.02110
   1.300    1.700   -0.010  150.000    0.16798    0.10111
   1.300    1.700   -0.010  180.000    0.13908    0.13908
   1.400    1.700   -0.010    0.000    2.25658    2.25658
   1.400    1.700   -0.010   30.000    1.95281    1.67475
   1.400    1.700   -0.010   60.000    1.27504    0.65037
   1.400    1.700   -0.010   90.000    0.64684    0.09441
   1.400    1.700   -0.010  120.000    0.28065    0.00934
   1.400    1.700   -0.010  150.000    0.13719    0.07086
   1.400    1.700   -0.010  180.000    0.10575    0.10575
   1.500    1.700   -0.010    0.000    3.68782    3.68782
   1.500    1.700   -0.010   30.000    3.11083    2.75698
   1.500    1.700   -0.010   60.000    1.86109    1.13866
   1.500    1.700   -0.010   90.000    0.77915    0.23911
   1.500    1.700   -0.010  120.000    0.23074    0.01948
   1.500    1.700   -0.010  150.000    0.07501    0.03311
   1.500    1.700   -0.010  180.000    0.05860    0.05860
   1.100    1.700   -0.030    0.000    0.45988    0.45988
   1.100    1.700   -0.030   30.000    0.42490    0.33838
   1.100    1.700   -0.030   60.000    0.34006    0.11657
   1.100    1.700   -0.030   90.000    0.24658    0.00426
   1.100    1.700   -0.030  120.000    0.17484    0.02742
   1.100    1.700   -0.030  150.000    0.13383    0.09173
   1.100    1.700   -0.030  180.000    0.12094    0.12094
   1.200    1.700   -0.030    0.000    0.81258    0.81258
   1.200    1.700   -0.030   30.000    0.73726    0.59819
   1.200    1.700   -0.030   60.000    0.55909    0.21160
   1.200    1.700   -0.030   90.000    0.37225    0.01259
   1.200    1.700   -0.030  120.000    0.23858    0.02982
   1.200    1.700   -0.030  150.000    0.16793    0.11029
   1.200    1.700   -0.030  180.000    0.14695    0.14695
   1.300    1.700   -0.030    0.000    1.38482    1.38482
   1.300    1.700   -0.030   30.000    1.22930    1.02243
   1.300    1.700   -0.030   60.000    0.87174    0.37656
   1.300    1.700   -0.030   90.000    0.51807    0.03593
   1.300    1.700   -0.030  120.000    0.28711    0.02413
   1.300    1.700   -0.030  150.000    0.17859    0.10913
   1.300    1.700   -0.030  180.000    0.14942    0.14942
   1.400    1.700   -0.030    0.000    2.31916    2.31916
   1.400    1.700   -0.030   30.000    2.00765    1.72299
   1.400    1.700   -0.030   60.000    1.31272    0.67122
   1.400    1.700   -0.030   90.000    0.66936    0.09901
   1.400    1.700   -0.030  120.000    0.29590    0.01390
   1.400    1.700   -0.030  150.000    0.15119    0.08186
   1.400    1.700   -0.030  180.000    0.12004    0.12004
   1.500    1.700   -0.030    0.000    3.84205    3.84205
   1.500    1.700   -0.030   30.000    3.24008    2.88019
   1.500    1.700   -0.030   60.000    1.93636    1.20033
   1.500    1.700   -0.030   90.000    0.80997    0.25826
   1.500    1.700   -0.030  120.000    0.24473    0.02831
   1.500    1.700   -0.030  150.000    0.09081    0.04784
   1.500    1.700   -0.030  180.000    0.07759    0.07759
   1.100    1.700   -0.050    0.000    0.46752    0.46752
   1.100    1.700   -0.050   30.000    0.43221    0.34397
   1.100    1.700   -0.050   60.000    0.34656    0.11836
   1.100    1.700   -0.050   90.000    0.25214    0.00432
   1.100    1.700   -0.050  120.000    0.17965    0.02862
   1.100    1.700   -0.050  150.000    0.13819    0.09500
   1.100    1.700   -0.050  180.000    0.12516    0.12516
   1.200    1.700   -0.050    0.000    0.82800    0.82800
   1.200    1.700   -0.050   30.000    0.75180    0.60949
   1.200    1.700   -0.050   60.000    0.57153    0.21534
   1.200    1.700   -0.050   90.000    0.38244    0.01285
   1.200    1.700   -0.050  120.000    0.24715    0.03202
   1.200    1.700   -0.050  150.000    0.17565    0.11612
   1.200    1.700   -0.050  180.000    0.15442    0.15442
   1.300    1.700   -0.050    0.000    1.41516    1.41516
   1.300    1.700   -0.050   30.000    1.25716    1.04498
   1.300    1.700   -0.050   60.000    0.89390    0.38475
   1.300    1.700   -0.050   90.000    0.53472    0.03705
   1.300    1.700   -0.050  120.000    0.30046    0.02780
   1.300    1.700   -0.050  150.000    0.19070    0.11843
   1.300    1.700   -0.050  180.000    0.16129    0.16129
   1.400    1.700   -0.050    0.000    2.38416    2.38416
   1.400    1.700   -0.050   30.000    2.06475    1.77278
   1.400    1.700   -0.050   60.000    1.35244    0.69241
   1.400    1.700   -0.050   90.000    0.69396    0.10401
   1.400    1.700   -0.050  120.000    0.31358    0.01995
   1.400    1.700   -0.050  150.000    0.16805    0.09546
   1.400    1.700   -0.050  180.000    0.13736    0.13736
   1.500    1.700   -0.050    0.000    4.00457    4.00457
   1.500    1.700   -0.050   30.000    3.37617    3.00975
   1.500    1.700   -0.050   60.000    2.01572    1.26519
   1.500    1.700   -0.050   90.000    0.84353    0.27968
   1.500    1.700   -0.050  120.000    0.26231    0.04071
   1.500    1.700   -0.050  150.000    0.11191    0.06793
   1.500    1.700   -0.050  180.000    0.10271    0.10271
   1.100    1.700   -0.070    0.000    0.47600    0.47600
   1.100    1.700   -0.070   30.000    0.44033    0.35016
   1.100    1.700   -0.070   60.000    0.35376    0.12033
   1.100    1.700   -0.070   90.000    0.25830    0.00439
   1.100    1.700   -0.070  120.000    0.18498    0.02997
   1.100    1.700   -0.070  150.000    0.14302    0.09863
   1.100    1.700   -0.070  180.000    0.12983    0.12983
   1.200    1.700   -0.070    0.000    0.84477    0.84477
   1.200    1.700   -0.070   30.000    0.76763    0.62173
   1.200    1.700   -0.070   60.000    0.58512    0.21934
   1.200    1.700   -0.070   90.000    0.39365    0.01315
   1.200    1.700   -0.070  120.000    0.25664    0.03453
   1.200    1.700   -0.070  150.000    0.18424    0.12265
   1.200    1.700   -0.070  180.000    0.16275    0.16275
   1.300    1.700   -0.070    0.000    1.44728    1.44728
   1.300    1.700   -0.070   30.000    1.28674    1.06869
   1.300    1.700   -0.070   60.000    0.91767    0.39316
   1.300    1.700   -0.070   90.000    0.55294    0.03828
   1.300    1.700   -0.070  120.000    0.31543    0.03219
   1.300    1.700   -0.070  150.000    0.20448    0.12914
   1.300    1.700   -0.070  180.000    0.17486    0.17486
   1.400    1.700   -0.070    0.000    2.45114    2.45114
   1.400    1.700   -0.070   30.000    2.12379    1.82377
   1.400    1.700   -0.070   60.000    1.39409    0.71372
   1.400    1.700   -0.070   90.000    0.72079    0.10941
   1.400    1.700   -0.070  120.000    0.33405    0.02772
   1.400    1.700   -0.070  150.000    0.18821    0.11205
   1.400    1.700   -0.070  180.000    0.15819    0.15819
   1.500    1.700   -0.070    0.000    4.17392    4.17392
   1.500    1.700   -0.070   30.000    3.51790    3.14442
   1.500    1.700   -0.070   60.000    2.09862    1.33262
   1.500    1.700   -0.070   90.000    0.88003    0.30351
   1.500    1.700   -0.070  120.000    0.28434    0.05751
   1.500    1.700   -0.070  150.000    0.13964    0.09467
   1.500    1.700   -0.070  180.000    0.13544    0.13544
   1.100    1.700   -0.090    0.000    0.48536    0.48536
   1.100    1.700   -0.090   30.000    0.44928    0.35698
   1.100    1.700   -0.090   60.000    0.36170    0.12249
   1.100    1.700   -0.090   90.000    0.26510    0.00448
   1.100    1.700   -0.090  120.000    0.19086    0.03148
   1.100    1.700   -0.090  150.000    0.14836    0.10266
   1.100    1.700   -0.090  180.000    0.13500    0.13500
   1.200    1.700   -0.090    0.000    0.86294    0.86294
   1.200    1.700   -0.090   30.000    0.78480    0.63496
   1.200    1.700   -0.090   60.000    0.59991    0.22361
   1.200    1.700   -0.090   90.000    0.40592    0.01347
   1.200    1.700   -0.090  120.000    0.26712    0.03739
   1.200    1.700   -0.090  150.000    0.19379    0.12994
   1.200    1.700   -0.090  180.000    0.17203    0.17203
   1.300    1.700   -0.090    0.000    1.48116    1.48116
   1.300    1.700   -0.090   30.000    1.31803    1.09354
   1.300    1.700   -0.090   60.000    0.94311    0.40177
   1.300    1.700   -0.090   90.000    0.57284    0.03962
   1.300    1.700   -0.090  120.000    0.33215    0.03739
   1.300    1.700   -0.090  150.000    0.22011    0.14142
   1.300    1.700   -0.090  180.000    0.19031    0.19031
   1.400    1.700   -0.090    0.000    2.51961    2.51961
   1.400    1.700   -0.090   30.000    2.18437    1.87550
   1.400    1.700   -0.090   60.000    1.43755    0.73488
   1.400    1.700   -0.090   90.000    0.75001    0.11520
   1.400    1.700   -0.090  120.000    0.35766    0.03746
   1.400    1.700   -0.090  150.000    0.21216    0.13210
   1.400    1.700   -0.090  180.000    0.18305    0.18305
   1.500    1.700   -0.090    0.000    4.34798    4.34798
   1.500    1.700   -0.090   30.000    3.66354    3.28243
   1.500    1.700   -0.090   60.000    2.18423    1.40168
   1.500    1.700   -0.090   90.000    0.91968    0.32984
   1.500    1.700   -0.090  120.000    0.31187    0.07966
   1.500    1.700   -0.090  150.000    0.17554    0.12959
   1.500    1.700   -0.090  180.000    0.17748    0.17748
